2019-06-04	11:07
Pokojowa, +-
 Prad (A)	U 4-5 (V)	Napiecie (V)
-3.5858E-5	-1.9237E-6	-0.0000E+0
1.6570E-2	4.8369E-4	-1.0000E-2
3.2753E-2	9.4797E-4	-1.0000E-2
4.8922E-2	1.4193E-3	-3.0000E-2
6.5659E-2	1.8907E-3	-4.0000E-2
8.1748E-2	2.3622E-3	-4.0000E-2
9.7962E-2	2.8248E-3	-6.0000E-2
1.1447E-1	3.3047E-3	-7.0000E-2
1.3043E-1	3.7789E-3	-7.0000E-2
1.4690E-1	4.2404E-3	-8.0000E-2
1.6313E-1	4.7099E-3	-1.0000E-1
1.7972E-1	5.1899E-3	-1.1000E-1
1.9569E-1	5.6557E-3	-1.1000E-1
2.1212E-1	6.1266E-3	-1.3000E-1
2.2864E-1	6.5973E-3	-1.4000E-1
2.4452E-1	7.0721E-3	-1.4000E-1
2.6111E-1	7.5424E-3	-1.6000E-1
2.7736E-1	8.0224E-3	-1.7000E-1
2.9389E-1	8.4939E-3	-1.8000E-1
3.1011E-1	8.9586E-3	-1.8000E-1
3.2661E-1	9.4437E-3	-2.0000E-1
3.4302E-1	9.9112E-3	-2.1000E-1
3.5919E-1	1.0374E-2	-2.2000E-1
3.7584E-1	1.0856E-2	-2.3000E-1
3.9199E-1	1.1328E-2	-2.4000E-1
4.0821E-1	1.1793E-2	-2.4000E-1
4.2463E-1	1.2265E-2	-2.6000E-1
4.4090E-1	1.2744E-2	-2.7000E-1
4.5740E-1	1.3215E-2	-2.8000E-1
4.7371E-1	1.3685E-2	-2.9000E-1
4.8986E-1	1.4165E-2	-3.0000E-1
5.0649E-1	1.4627E-2	-3.1000E-1
5.2255E-1	1.5105E-2	-3.2000E-1
5.3922E-1	1.5588E-2	-3.3000E-1
5.5568E-1	1.6056E-2	-3.4000E-1
5.7163E-1	1.6528E-2	-3.5000E-1
5.8841E-1	1.7007E-2	-3.6000E-1
6.0465E-1	1.7473E-2	-3.7000E-1
6.2099E-1	1.7950E-2	-3.8000E-1
6.3754E-1	1.8427E-2	-3.9000E-1
6.5373E-1	1.8898E-2	-4.0000E-1
6.7013E-1	1.9367E-2	-4.1000E-1
6.8617E-1	1.9842E-2	-4.2000E-1
7.0282E-1	2.0317E-2	-4.3000E-1
7.1907E-1	2.0794E-2	-4.4000E-1
7.3514E-1	2.1261E-2	-4.5000E-1
7.5199E-1	2.1747E-2	-4.6000E-1
7.6798E-1	2.2219E-2	-4.7000E-1
7.8442E-1	2.2693E-2	-4.8000E-1
8.0112E-1	2.3172E-2	-4.9000E-1
8.1706E-1	2.3646E-2	-5.0000E-1
8.3355E-1	2.4120E-2	-5.1000E-1
8.5014E-1	2.4601E-2	-5.2000E-1
8.6633E-1	2.5074E-2	-5.3000E-1
8.8272E-1	2.5546E-2	-5.4000E-1
8.9907E-1	2.6023E-2	-5.5000E-1
9.1549E-1	2.6505E-2	-5.6000E-1
9.3177E-1	2.6974E-2	-5.7000E-1
9.4801E-1	2.7451E-2	-5.9000E-1
9.6449E-1	2.7938E-2	-5.9000E-1
9.8086E-1	2.8407E-2	-6.0000E-1
9.9688E-1	2.8886E-2	-6.1000E-1
9.9950E-1	2.8958E-2	-6.2000E-1
9.9950E-1	2.8961E-2	-6.2000E-1
9.9949E-1	2.8966E-2	-6.2000E-1
9.9948E-1	2.8971E-2	-6.2000E-1
9.9948E-1	2.8972E-2	-6.1000E-1
9.9949E-1	2.8977E-2	-6.2000E-1
9.9949E-1	2.8980E-2	-6.2000E-1
9.9947E-1	2.8983E-2	-6.2000E-1
9.9950E-1	2.8986E-2	-6.1000E-1
9.9947E-1	2.8990E-2	-6.2000E-1
9.9949E-1	2.8993E-2	-6.2000E-1
9.9950E-1	2.8994E-2	-6.2000E-1
9.9949E-1	2.8999E-2	-6.1000E-1
9.9949E-1	2.9001E-2	-6.2000E-1
9.9951E-1	2.9004E-2	-6.2000E-1
9.9948E-1	2.9006E-2	-6.1000E-1
9.9951E-1	2.9009E-2	-6.2000E-1
9.9947E-1	2.9011E-2	-6.1000E-1
9.9946E-1	2.9014E-2	-6.2000E-1
9.9951E-1	2.9016E-2	-6.2000E-1
9.9948E-1	2.9019E-2	-6.1000E-1
9.9947E-1	2.9021E-2	-6.1000E-1
9.9948E-1	2.9023E-2	-6.2000E-1
9.9947E-1	2.9026E-2	-6.2000E-1
9.9948E-1	2.9028E-2	-6.2000E-1
9.9950E-1	2.9030E-2	-6.2000E-1
9.9947E-1	2.9032E-2	-6.2000E-1
9.9949E-1	2.9034E-2	-6.2000E-1
9.9949E-1	2.9035E-2	-6.2000E-1
9.9947E-1	2.9036E-2	-6.2000E-1
9.9951E-1	2.9039E-2	-6.2000E-1
9.9947E-1	2.9041E-2	-6.2000E-1
9.9946E-1	2.9042E-2	-6.1000E-1
9.9949E-1	2.9045E-2	-6.2000E-1
9.9947E-1	2.9046E-2	-6.2000E-1
9.9947E-1	2.9049E-2	-6.2000E-1
9.9948E-1	2.9049E-2	-6.2000E-1
9.9948E-1	2.9052E-2	-6.1000E-1
9.9948E-1	2.9052E-2	-6.1000E-1
-1.6607E-4	-5.6023E-7	0.0000E+0
-1.6640E-1	-4.8182E-3	1.0000E-1
-3.3269E-1	-9.6330E-3	2.0000E-1
-4.9906E-1	-1.4450E-2	2.7000E-1
-6.6516E-1	-1.9260E-2	4.0000E-1
-8.3150E-1	-2.4074E-2	5.0000E-1
-9.9760E-1	-2.8888E-2	5.6000E-1
-9.9953E-1	-2.8950E-2	6.1000E-1
-9.9951E-1	-2.8955E-2	6.0000E-1
-9.9951E-1	-2.8959E-2	6.1000E-1
-9.9949E-1	-2.8963E-2	6.0000E-1
1.2038E-4	1.0681E-6	-0.0000E+0
7.7972E-2	2.2376E-3	-5.0000E-2
1.5555E-1	4.4833E-3	-8.0000E-2
2.3348E-1	6.7343E-3	-1.5000E-1
3.1222E-1	8.9956E-3	-2.0000E-1
3.9033E-1	1.1247E-2	-2.2000E-1
4.6922E-1	1.3518E-2	-2.9000E-1
5.4781E-1	1.5780E-2	-3.5000E-1
6.2648E-1	1.8056E-2	-4.0000E-1
7.0543E-1	2.0331E-2	-4.4000E-1
7.8479E-1	2.2611E-2	-5.0000E-1
8.6392E-1	2.4901E-2	-5.6000E-1
9.4297E-1	2.7184E-2	-5.8000E-1
9.9961E-1	2.8816E-2	-6.3000E-1
9.9957E-1	2.8822E-2	-6.4000E-1
9.9960E-1	2.8830E-2	-6.4000E-1
9.9958E-1	2.8834E-2	-6.4000E-1
9.9957E-1	2.8841E-2	-6.4000E-1
9.9958E-1	2.8846E-2	-6.4000E-1
9.9958E-1	2.8851E-2	-6.4000E-1
9.9959E-1	2.8857E-2	-6.4000E-1
-2.7999E-4	-9.6653E-6	0.0000E+0
-8.3415E-2	-2.4073E-3	3.0000E-2
-1.6633E-1	-4.8049E-3	9.0000E-2
-2.4961E-1	-7.1992E-3	1.5000E-1
-3.3272E-1	-9.6028E-3	1.7000E-1
-4.1556E-1	-1.1992E-2	2.4000E-1
-4.9898E-1	-1.4399E-2	3.0000E-1
-5.8177E-1	-1.6785E-2	3.5000E-1
-6.6510E-1	-1.9192E-2	3.9000E-1
-7.4795E-1	-2.1585E-2	4.5000E-1
-8.3122E-1	-2.3983E-2	5.0000E-1
-9.1443E-1	-2.6392E-2	5.3000E-1
-9.9701E-1	-2.8790E-2	6.0000E-1
-9.9962E-1	-2.8866E-2	6.1000E-1
-9.9961E-1	-2.8871E-2	6.1000E-1
-9.9957E-1	-2.8877E-2	6.1000E-1
-9.9959E-1	-2.8881E-2	6.1000E-1
-9.9958E-1	-2.8885E-2	6.1000E-1
-9.9957E-1	-2.8889E-2	6.0000E-1
-9.9958E-1	-2.8894E-2	6.0000E-1
-9.9959E-1	-2.8898E-2	6.1000E-1
1.5587E-4	7.9136E-6	-0.0000E+0
1.5907E-2	4.5753E-4	-1.0000E-2
3.1278E-2	8.9931E-4	-2.0000E-2
4.6478E-2	1.3435E-3	-2.0000E-2
6.2511E-2	1.7953E-3	-4.0000E-2
7.8027E-2	2.2378E-3	-5.0000E-2
9.3418E-2	2.6964E-3	-5.0000E-2
1.0948E-1	3.1448E-3	-7.0000E-2
1.2503E-1	3.6005E-3	-8.0000E-2
1.4057E-1	4.0546E-3	-9.0000E-2
1.5649E-1	4.4979E-3	-1.0000E-1
1.7218E-1	4.9637E-3	-1.1000E-1
1.8800E-1	5.4148E-3	-1.2000E-1
2.0373E-1	5.8667E-3	-1.3000E-1
2.1970E-1	6.3301E-3	-1.4000E-1
2.3546E-1	6.7803E-3	-1.5000E-1
2.5128E-1	7.2339E-3	-1.5000E-1
2.6753E-1	7.6951E-3	-1.7000E-1
2.8308E-1	8.1512E-3	-1.8000E-1
2.9897E-1	8.6051E-3	-1.9000E-1
3.1512E-1	9.0635E-3	-1.9000E-1
3.3067E-1	9.5303E-3	-2.1000E-1
3.4675E-1	9.9774E-3	-2.2000E-1
3.6286E-1	1.0447E-2	-2.3000E-1
3.7852E-1	1.0905E-2	-2.4000E-1
3.9451E-1	1.1357E-2	-2.5000E-1
4.1025E-1	1.1819E-2	-2.6000E-1
4.2653E-1	1.2283E-2	-2.7000E-1
4.4248E-1	1.2746E-2	-2.8000E-1
4.5833E-1	1.3198E-2	-2.8000E-1
4.7450E-1	1.3669E-2	-3.0000E-1
4.9046E-1	1.4125E-2	-3.1000E-1
5.0622E-1	1.4576E-2	-3.2000E-1
5.2253E-1	1.5054E-2	-3.3000E-1
5.3851E-1	1.5505E-2	-3.4000E-1
5.5437E-1	1.5965E-2	-3.5000E-1
5.7045E-1	1.6444E-2	-3.6000E-1
5.8642E-1	1.6894E-2	-3.7000E-1
6.0245E-1	1.7364E-2	-3.8000E-1
6.1847E-1	1.7822E-2	-3.9000E-1
6.3453E-1	1.8290E-2	-4.0000E-1
6.5051E-1	1.8747E-2	-4.1000E-1
6.6616E-1	1.9205E-2	-4.2000E-1
6.8266E-1	1.9678E-2	-4.3000E-1
6.9856E-1	2.0130E-2	-4.4000E-1
7.1452E-1	2.0601E-2	-4.5000E-1
7.3083E-1	2.1073E-2	-4.6000E-1
7.4685E-1	2.1530E-2	-4.7000E-1
7.6281E-1	2.1997E-2	-4.8000E-1
7.7889E-1	2.2465E-2	-4.9000E-1
7.9495E-1	2.2931E-2	-5.0000E-1
8.1074E-1	2.3393E-2	-5.2000E-1
8.2721E-1	2.3869E-2	-5.2000E-1
8.4326E-1	2.4330E-2	-5.3000E-1
8.5919E-1	2.4796E-2	-5.4000E-1
8.7543E-1	2.5264E-2	-5.5000E-1
8.9147E-1	2.5729E-2	-5.6000E-1
9.0710E-1	2.6198E-2	-5.7000E-1
9.2352E-1	2.6658E-2	-5.8000E-1
9.3978E-1	2.7137E-2	-5.9000E-1
9.5566E-1	2.7603E-2	-6.0000E-1
9.7159E-1	2.8061E-2	-6.1000E-1
9.8795E-1	2.8546E-2	-6.2000E-1
9.9958E-1	2.8881E-2	-6.3000E-1
9.9956E-1	2.8885E-2	-6.3000E-1
9.9957E-1	2.8889E-2	-6.3000E-1
9.9959E-1	2.8893E-2	-6.3000E-1
9.9956E-1	2.8897E-2	-6.3000E-1
9.9960E-1	2.8901E-2	-6.3000E-1
9.9958E-1	2.8905E-2	-6.3000E-1
9.9953E-1	2.8909E-2	-6.3000E-1
9.9958E-1	2.8912E-2	-6.3000E-1
9.9955E-1	2.8916E-2	-6.3000E-1
9.9955E-1	2.8921E-2	-6.3000E-1
9.9958E-1	2.8923E-2	-6.3000E-1
9.9955E-1	2.8926E-2	-6.3000E-1
9.9955E-1	2.8931E-2	-6.3000E-1
9.9956E-1	2.8932E-2	-6.3000E-1
9.9957E-1	2.8936E-2	-6.3000E-1
9.9956E-1	2.8939E-2	-6.3000E-1
9.9957E-1	2.8942E-2	-6.3000E-1
9.9957E-1	2.8945E-2	-6.3000E-1
9.9956E-1	2.8947E-2	-6.3000E-1
9.9958E-1	2.8950E-2	-6.3000E-1
9.9955E-1	2.8953E-2	-6.3000E-1
9.9954E-1	2.8955E-2	-6.3000E-1
9.9957E-1	2.8957E-2	-6.3000E-1
9.9958E-1	2.8960E-2	-6.3000E-1
9.9955E-1	2.8962E-2	-6.3000E-1
9.9956E-1	2.8964E-2	-6.3000E-1
9.9957E-1	2.8967E-2	-6.3000E-1
9.9955E-1	2.8969E-2	-6.3000E-1
9.9952E-1	2.8971E-2	-6.3000E-1
9.9955E-1	2.8974E-2	-6.3000E-1
9.9953E-1	2.8975E-2	-6.3000E-1
9.9953E-1	2.8978E-2	-6.3000E-1
9.9956E-1	2.8980E-2	-6.3000E-1
9.9954E-1	2.8982E-2	-6.3000E-1
9.9957E-1	2.8983E-2	-6.3000E-1
9.9957E-1	2.8985E-2	-6.3000E-1
9.9953E-1	2.8987E-2	-6.3000E-1
-5.1111E-4	-1.1198E-5	0.0000E+0
-1.7271E-2	-4.9813E-4	1.0000E-2
-3.3817E-2	-9.7401E-4	2.0000E-2
-5.0331E-2	-1.4440E-3	3.0000E-2
-6.6824E-2	-1.9408E-3	3.0000E-2
-8.3596E-2	-2.4081E-3	5.0000E-2
-1.0006E-1	-2.8922E-3	6.0000E-2
-1.1669E-1	-3.3822E-3	6.0000E-2
-1.3353E-1	-3.8552E-3	7.0000E-2
-1.4978E-1	-4.3315E-3	9.0000E-2
-1.6630E-1	-4.8123E-3	9.0000E-2
-1.8309E-1	-5.2853E-3	1.0000E-1
-1.9968E-1	-5.7690E-3	1.2000E-1
-2.1627E-1	-6.2431E-3	1.3000E-1
-2.3290E-1	-6.7298E-3	1.4000E-1
-2.4959E-1	-7.2020E-3	1.4000E-1
-2.6606E-1	-7.6812E-3	1.6000E-1
-2.8261E-1	-8.1655E-3	1.7000E-1
-2.9943E-1	-8.6384E-3	1.8000E-1
-3.1586E-1	-9.1215E-3	1.9000E-1
-3.3261E-1	-9.6118E-3	2.0000E-1
-3.4934E-1	-1.0079E-2	2.1000E-1
-3.6574E-1	-1.0564E-2	2.2000E-1
-3.8262E-1	-1.1047E-2	2.3000E-1
-3.9920E-1	-1.1522E-2	2.3000E-1
-4.1570E-1	-1.2004E-2	2.5000E-1
-4.3211E-1	-1.2475E-2	2.6000E-1
-4.4908E-1	-1.2965E-2	2.7000E-1
-4.6559E-1	-1.3443E-2	2.8000E-1
-4.8214E-1	-1.3917E-2	2.9000E-1
-4.9893E-1	-1.4406E-2	3.1000E-1
-5.1555E-1	-1.4878E-2	3.0000E-1
-5.3196E-1	-1.5359E-2	3.2000E-1
-5.4878E-1	-1.5846E-2	3.3000E-1
-5.6554E-1	-1.6321E-2	3.4000E-1
-5.8181E-1	-1.6799E-2	3.5000E-1
-5.9868E-1	-1.7285E-2	3.6000E-1
-6.1522E-1	-1.7755E-2	3.7000E-1
-6.3156E-1	-1.8242E-2	3.8000E-1
-6.4857E-1	-1.8726E-2	3.9000E-1
-6.6483E-1	-1.9192E-2	4.0000E-1
-6.8133E-1	-1.9680E-2	4.1000E-1
-6.9789E-1	-2.0149E-2	4.2000E-1
-7.1439E-1	-2.0641E-2	4.3000E-1
-7.3108E-1	-2.1123E-2	4.4000E-1
-7.4772E-1	-2.1597E-2	4.5000E-1
-7.6441E-1	-2.2088E-2	4.6000E-1
-7.8109E-1	-2.2565E-2	4.7000E-1
-7.9752E-1	-2.3035E-2	4.8000E-1
-8.1427E-1	-2.3531E-2	4.9000E-1
-8.3079E-1	-2.4005E-2	5.0000E-1
-8.4725E-1	-2.4483E-2	5.1000E-1
-8.6396E-1	-2.4978E-2	5.2000E-1
-8.8072E-1	-2.5457E-2	5.3000E-1
-8.9697E-1	-2.5940E-2	5.4000E-1
-9.1396E-1	-2.6426E-2	5.5000E-1
-9.3035E-1	-2.6900E-2	5.7000E-1
-9.4669E-1	-2.7384E-2	5.7000E-1
-9.6334E-1	-2.7864E-2	5.8000E-1
-9.8009E-1	-2.8352E-2	5.9000E-1
-9.9676E-1	-2.8833E-2	6.0000E-1
-9.9954E-1	-2.8921E-2	6.1000E-1
-9.9956E-1	-2.8926E-2	6.1000E-1
-9.9956E-1	-2.8929E-2	6.1000E-1
-9.9955E-1	-2.8932E-2	6.1000E-1
-9.9957E-1	-2.8936E-2	6.0000E-1
-9.9955E-1	-2.8940E-2	6.1000E-1
-9.9954E-1	-2.8944E-2	6.1000E-1
-9.9956E-1	-2.8947E-2	6.1000E-1
-9.9953E-1	-2.8949E-2	6.0000E-1
-9.9952E-1	-2.8953E-2	6.1000E-1
-9.9955E-1	-2.8956E-2	6.1000E-1
-9.9955E-1	-2.8959E-2	6.0000E-1
-9.9955E-1	-2.8961E-2	6.1000E-1
-9.9954E-1	-2.8963E-2	6.1000E-1
-9.9955E-1	-2.8967E-2	6.1000E-1
-9.9955E-1	-2.8970E-2	6.1000E-1
-9.9953E-1	-2.8972E-2	6.1000E-1
-9.9955E-1	-2.8976E-2	6.0000E-1
-9.9952E-1	-2.8977E-2	6.1000E-1
-9.9955E-1	-2.8981E-2	6.1000E-1
-9.9957E-1	-2.8982E-2	6.1000E-1
-9.9955E-1	-2.8985E-2	6.1000E-1
-9.9956E-1	-2.8986E-2	6.1000E-1
-9.9954E-1	-2.8988E-2	6.1000E-1
-9.9953E-1	-2.8990E-2	6.1000E-1
-9.9958E-1	-2.8993E-2	6.1000E-1
-9.9954E-1	-2.8995E-2	6.1000E-1
-9.9954E-1	-2.8997E-2	6.1000E-1
-9.9955E-1	-2.8999E-2	6.1000E-1
-9.9953E-1	-2.9001E-2	6.1000E-1
-9.9954E-1	-2.9002E-2	6.1000E-1
-9.9957E-1	-2.9004E-2	6.1000E-1
-9.9954E-1	-2.9006E-2	6.1000E-1
-9.9956E-1	-2.9008E-2	6.1000E-1
-9.9956E-1	-2.9009E-2	6.1000E-1
-9.9953E-1	-2.9011E-2	6.1000E-1
-9.9956E-1	-2.9011E-2	6.1000E-1
-9.9956E-1	-2.9014E-2	6.1000E-1
-9.9955E-1	-2.9016E-2	6.1000E-1
-9.9955E-1	-2.9017E-2	6.1000E-1
