Nazwa próbki: próbka 1	Pole magn. (T) 0
notatka: 
U_T_1	I+	U_4-5+	U_T_2	I-	U_4-5-	U_T_1
V	A	V	V	A	V	V
Nazwa próbki: próbka 1	Pole magn. (T) 0
notatka: 
U_T_1	I+	U_4-5+	U_T_2	I-	U_4-5-	U_T_1
V	A	V	V	A	V	V
-8.04257723E-06	-9.950750E-2	-4.64554897E-07	-8.85954294E-06	9.952288E-3	-3.12424337E-07	-7.83411046E-06	12:44:24
-8.84827287E-06	-9.953922E-2	-6.50491452E-07	-9.28210932E-06	9.952933E-3	-2.67360452E-07	-9.16379186E-06	12:44:54
-9.16379145E-06	-9.950614E-2	-9.26561025E-07	-9.04547309E-06	9.951077E-3	-1.82835995E-07	-9.83426862E-06	12:44:56
-9.52438309E-06	-9.952334E-2	-1.71566665E-07	-9.78355940E-06	9.952330E-3	-5.43424815E-07	-9.46804289E-06	12:45:02
-8.41443824E-06	-9.951288E-2	-9.37816028E-07	-9.89624584E-06	9.950301E-3	-4.64545814E-07	-9.85680454E-06	12:45:05
-8.67361096E-06	-9.951554E-2	-2.84273246E-07	-8.71305149E-06	9.949424E-3	-1.20874066E-07	-9.71031083E-06	12:45:09
+1.26514980E-06	-9.952384E-2	-1.07868863E-06	+5.77773045E-07	9.950732E-3	-1.01670951E-06	+9.55259405E-07	12:47:15
+1.15306748E-05	-9.953157E-2	-2.12101845E-06	+1.33279901E-05	9.952581E-3	-1.63647297E-06	+1.41055125E-05	12:47:25
+2.54697181E-05	-9.953336E-2	-2.17735706E-06	+2.78135443E-05	9.954103E-3	-2.25623900E-06	+2.97630006E-05	12:47:31
+4.02031049E-05	-9.951757E-2	-3.06194316E-06	+4.47668072E-05	9.950169E-3	-2.66754918E-06	+4.77078578E-05	12:47:36
+5.83622235E-05	-9.955178E-2	-3.60282160E-06	+6.71064836E-05	9.951828E-3	-3.88453101E-06	+7.38280931E-05	12:47:41
+8.50740152E-05	-9.952575E-2	-3.69860020E-06	+9.62299476E-05	9.951355E-3	-5.42829818E-06	+1.04529043E-04	12:47:44
+1.14912887E-04	-9.956184E-2	-4.75219494E-06	+1.24738974E-04	9.952382E-3	-4.42541063E-06	+1.32531078E-04	12:47:47
+1.44982657E-04	-9.955210E-2	-5.35505718E-06	+1.53422652E-04	9.950877E-3	-4.38033873E-06	+1.61057120E-04	12:47:50
+1.74590579E-04	-9.950418E-2	-5.42829994E-06	+1.84185467E-04	9.952991E-3	-5.67620716E-06	+1.90214108E-04	12:47:54
+2.02248956E-04	-9.952814E-2	-6.59458255E-06	+2.12931262E-04	9.951415E-3	-6.37484927E-06	+2.18993688E-04	12:47:57
+2.31670732E-04	-9.956217E-2	-5.81706168E-06	+2.41468481E-04	9.951243E-3	-5.87340485E-06	+2.48077147E-04	12:48:00
+2.60754390E-04	-9.956127E-2	-5.98609018E-06	+2.70213970E-04	9.952739E-3	-6.37485096E-06	+2.77538782E-04	12:48:03
+2.90418734E-04	-9.953109E-2	-4.91558671E-06	+3.00830872E-04	9.952156E-3	-5.10151610E-06	+3.07456410E-04	12:48:07
+3.20149995E-04	-9.952289E-2	-5.87904045E-06	+3.29722735E-04	9.953152E-3	-6.30723904E-06	+3.37469892E-04	12:48:10
+3.50152555E-04	-9.954508E-2	-7.06785664E-06	+3.59736698E-04	9.953639E-3	-6.05933159E-06	+3.66779511E-04	12:48:13
+3.77816908E-04	-9.955369E-2	-6.16638102E-06	+3.87124492E-04	9.952267E-3	-7.04532009E-06	+3.95147710E-04	12:48:16
+4.09334658E-04	-9.956516E-2	-6.80868346E-06	+4.19166085E-04	9.952493E-3	-5.25364164E-06	+4.27245132E-04	12:48:20
+4.40682430E-04	-9.954691E-2	-6.54951155E-06	+4.52413053E-04	9.950442E-3	-6.66219521E-06	+4.59264265E-04	12:48:23
+4.73068231E-04	-9.954259E-2	-8.66797725E-06	+4.82641501E-04	9.950940E-3	-5.20293227E-06	+4.91193539E-04	12:48:26
+5.05166230E-04	-9.956462E-2	-1.24034723E-05	+5.16445971E-04	9.952901E-3	+5.94666225E-07	+5.24401414E-04	12:48:29
+5.34683112E-04	-9.955112E-2	-2.31704931E-05	+5.45496143E-04	9.950853E-3	+1.37223806E-05	+5.53480096E-04	12:48:32
+5.62996472E-04	-9.956563E-2	-4.19381710E-05	+5.74192260E-04	9.954586E-3	+4.14597258E-05	+5.82626546E-04	12:48:35
+5.96238455E-04	-9.957134E-2	-8.81276535E-05	+6.08053384E-04	9.953974E-3	+9.71425477E-05	+6.14532298E-04	12:48:39
+6.25316383E-04	-9.954978E-2	-1.54521514E-04	+6.37739167E-04	9.950805E-3	+1.76162235E-04	+6.44556597E-04	12:48:42
+6.55520445E-04	-9.954519E-2	-2.55712306E-04	+6.67363570E-04	9.952649E-3	+2.91967643E-04	+6.75561352E-04	12:48:44
+6.87477595E-04	-9.951559E-2	-3.94167929E-04	+6.97962501E-04	9.951954E-3	+4.52007514E-04	+7.06701553E-04	12:48:47
+7.18731158E-04	-9.953444E-2	-5.71849629E-04	+7.29814481E-04	9.955095E-3	+6.54372392E-04	+7.37860314E-04	12:48:50
+7.50030532E-04	-9.952413E-2	-7.79843768E-04	+7.60988300E-04	9.953448E-3	+8.80327293E-04	+7.69304896E-04	12:48:53
+7.81626147E-04	-9.954445E-2	-9.88286695E-04	+7.91941204E-04	9.954673E-3	+1.09269516E-03	+8.01131108E-04	12:48:56
+8.13046616E-04	-9.954302E-2	-1.16259156E-03	+8.23971990E-04	9.949933E-3	+1.25263370E-03	+8.32648718E-04	12:48:59
+8.44284307E-04	-9.954756E-2	-1.27766185E-03	+8.57050944E-04	9.952497E-3	+1.35152072E-03	+8.65587024E-04	12:49:02
+8.76044125E-04	-9.954680E-2	-1.34948109E-03	+8.87531857E-04	9.951554E-3	+1.41484883E-03	+8.96079109E-04	12:49:05
+9.06604466E-04	-9.956374E-2	-1.39823490E-03	+9.18369093E-04	9.951941E-3	+1.45806083E-03	+9.26229435E-04	12:49:08
+9.37706135E-04	-9.954461E-2	-1.43652012E-03	+9.50472884E-04	9.954396E-3	+1.49402821E-03	+9.57988817E-04	12:49:11
+9.69178269E-04	-9.954213E-2	-1.46693964E-03	+9.80772665E-04	9.953405E-3	+1.52300338E-03	+9.89263908E-04	12:49:14
+1.00301746E-03	-9.956197E-2	-1.49573664E-03	+1.01374470E-03	9.951558E-3	+1.55127127E-03	+1.02148045E-03	12:49:17
+1.03353234E-03	-9.951925E-2	-1.51991307E-03	+1.04548791E-03	9.948713E-3	+1.57221363E-03	+1.05356785E-03	12:49:20
+1.06422724E-03	-9.955173E-2	-1.54101190E-03	+1.07608748E-03	9.953323E-3	+1.59241240E-03	+1.08451592E-03	12:49:23
+1.09626910E-03	-9.952460E-2	-1.56007302E-03	+1.10724996E-03	9.951422E-3	+1.61109059E-03	+1.11600002E-03	12:49:26
+1.12807546E-03	-9.955552E-2	-1.57861600E-03	+1.13958067E-03	9.953057E-3	+1.62864125E-03	+1.14832417E-03	12:49:29
+1.16280745E-03	-9.955053E-2	-1.59812891E-03	+1.17321298E-03	9.953474E-3	+1.64773665E-03	+1.18114069E-03	12:49:32
+1.19289988E-03	-9.954682E-2	-1.61441944E-03	+1.20326737E-03	9.952389E-3	+1.66345959E-03	+1.21304429E-03	12:49:35
+1.22398023E-03	-9.955093E-2	-1.62983097E-03	+1.23447550E-03	9.949879E-3	+1.67902054E-03	+1.24222783E-03	12:49:38
+1.25461819E-03	-9.954979E-2	-1.64697469E-03	+1.26536815E-03	9.953132E-3	+1.69363692E-03	+1.27489070E-03	12:49:41
+1.28639941E-03	-9.950421E-2	-1.66198861E-03	+1.29769601E-03	9.952056E-3	+1.70777619E-03	+1.30669952E-03	12:49:44
+1.31892061E-03	-9.954522E-2	-1.67698809E-03	+1.32995964E-03	9.951368E-3	+1.72233125E-03	+1.33905920E-03	12:49:47
+1.35115064E-03	-9.956106E-2	-1.69158863E-03	+1.36266061E-03	9.950371E-3	+1.73559486E-03	+1.37157877E-03	12:49:50
+1.38314549E-03	-9.953033E-2	-1.70683407E-03	+1.39601969E-03	9.951485E-3	+1.74934211E-03	+1.40443821E-03	12:49:53
+1.41628602E-03	-9.954172E-2	-1.72135098E-03	+1.42871433E-03	9.950747E-3	+1.76248680E-03	+1.43664344E-03	12:49:56
+1.44996188E-03	-9.952669E-2	-1.73446289E-03	+1.46188724E-03	9.949741E-3	+1.77446710E-03	+1.47058738E-03	12:49:59
+1.48322990E-03	-9.955181E-2	-1.74749741E-03	+1.49353326E-03	9.950589E-3	+1.78685521E-03	+1.50418776E-03	12:50:02
+1.51528154E-03	-9.952359E-2	-1.76007237E-03	+1.52745325E-03	9.950608E-3	+1.79670731E-03	+1.53590468E-03	12:50:05
+1.54774257E-03	-9.953732E-2	-1.77341152E-03	+1.55994132E-03	9.954521E-3	+1.81037739E-03	+1.56918361E-03	12:50:08
+1.57967492E-03	-9.952547E-2	-1.78534223E-03	+1.59278036E-03	9.951801E-3	+1.82124905E-03	+1.60153676E-03	12:50:10
+1.61173802E-03	-9.953295E-2	-1.79758421E-03	+1.62467327E-03	9.954191E-3	+1.83261556E-03	+1.63366696E-03	12:50:13
+1.64597190E-03	-9.954774E-2	-1.81007625E-03	+1.65629482E-03	9.951625E-3	+1.84175656E-03	+1.66377726E-03	12:50:16
+1.67629589E-03	-9.953154E-2	-1.82134051E-03	+1.68771661E-03	9.952920E-3	+1.85406704E-03	+1.69666278E-03	12:50:19
+1.70915979E-03	-9.953501E-2	-1.83196524E-03	+1.71932856E-03	9.955242E-3	+1.86503496E-03	+1.72763257E-03	12:50:22
+1.73872991E-03	-9.955202E-2	-1.84384366E-03	+1.74985023E-03	9.954128E-3	+1.87490660E-03	+1.75886338E-03	12:50:25
+1.77360931E-03	-9.954414E-2	-1.85621075E-03	+1.78351072E-03	9.951397E-3	+1.88623380E-03	+1.79231673E-03	12:50:28
+1.80289472E-03	-9.953909E-2	-1.86666142E-03	+1.81429854E-03	9.953781E-3	+1.89747717E-03	+1.82236181E-03	12:50:31
+1.83401759E-03	-9.955371E-2	-1.87831593E-03	+1.84367496E-03	9.952269E-3	+1.90656968E-03	+1.85240702E-03	12:50:34
+1.86369049E-03	-9.953093E-2	-1.88885546E-03	+1.87290226E-03	9.952839E-3	+1.91544011E-03	+1.88115046E-03	12:50:37
+1.89262690E-03	-9.957247E-2	-1.89789060E-03	+1.90318706E-03	9.952608E-3	+1.92558855E-03	+1.91111046E-03	12:50:40
+1.92156400E-03	-9.954970E-2	-1.90884451E-03	+1.93256097E-03	9.955512E-3	+1.93435839E-03	+1.94064738E-03	12:50:43
+1.95117603E-03	-9.952965E-2	-1.92012659E-03	+1.96093039E-03	9.953985E-3	+1.94384771E-03	+1.96922524E-03	12:50:46
+1.98216515E-03	-9.952409E-2	-1.93010078E-03	+1.99386710E-03	9.953784E-3	+1.95438359E-03	+2.00166278E-03	12:50:49
+2.01548409E-03	-9.954046E-2	-1.94008965E-03	+2.02504616E-03	9.952445E-3	+1.96415767E-03	+2.03246728E-03	12:50:53
+2.04339766E-03	-9.954684E-2	-1.95039937E-03	+2.05419589E-03	9.952984E-3	+1.97315931E-03	+2.06115591E-03	12:50:56
+2.07120135E-03	-9.955023E-2	-1.95960811E-03	+2.08153035E-03	9.950282E-3	+1.98200804E-03	+2.09014581E-03	12:50:59
+2.09947461E-03	-9.955979E-2	-1.96849860E-03	+2.10976312E-03	9.951954E-3	+1.99005318E-03	+2.11746115E-03	12:51:02
+2.13053199E-03	-9.955598E-2	-1.97943635E-03	+2.14118800E-03	9.952904E-3	+2.00151585E-03	+2.14876741E-03	12:51:05
+2.15902085E-03	-9.955000E-2	-1.98894805E-03	+2.16920447E-03	9.951867E-3	+2.00800989E-03	+2.17687609E-03	12:51:08
